 MM JJ  Pluie  ATPT   ETP  Tmin  Tmax  "Rg"
 01 01    0.0    1.0   0.2 266.5 272.7   87
 01 02    0.0    1.0   0.2 266.8 275.0  115
 01 03    0.0    1.0   0.1 258.4 265.5  114
 01 04    0.0    1.0   0.6 266.1 271.2  117
 01 05    0.0    1.0   0.1 268.5 271.4   56
 01 06    0.0    1.0   0.9 279.3 282.5   78
 01 07    0.0    1.0   0.0 270.8 272.5   30
 01 08    0.0    1.0   0.0 268.0 272.0   34
 01 09    0.0    1.0   0.0 259.0 269.8   25
 01 10    0.0    1.0   0.5 265.3 269.8  101
 01 11    0.5    1.0   0.3 273.4 278.9   34
 01 12    0.0    1.0   0.2 275.8 281.4   86
 01 13    9.2    1.0   0.2 271.3 278.8   41
 01 14   26.4    1.0   0.0 277.7 281.6    8
 01 15    0.2    1.0   0.2 274.5 278.5   97
 01 16    0.6    0.0   0.2 273.5 275.8   19
 01 17    0.0    0.0   0.5 276.5 281.2   48
 01 18    2.1    0.0   0.1 275.7 280.8   40
 01 19    0.2    0.1   0.4 274.0 281.0   35
 01 20    0.0    0.0   0.4 276.7 281.2   18
 01 21    2.5    0.0   0.0 276.4 281.1   19
 01 22    5.0   10.3   0.0 272.7 274.4   14
 01 23    1.5    7.9   0.5 271.3 276.9   44
 01 24   14.6    0.0   0.0 279.6 282.0   11
 01 25    0.6    0.0   0.4 274.5 281.0   88
 01 26    0.0   12.3   0.1 263.3 264.7   55
 01 27    0.0    0.0   0.2 264.7 270.3  138
 01 28    0.0    0.6   0.1 265.8 272.2   50
 01 29    0.0    0.0   0.4 266.7 271.8  141
 01 30    0.0    0.0   0.3 266.7 271.4  133
 01 31    0.0    0.0   0.9 272.1 283.0  119
 02 01    2.5    0.5   0.1 272.9 277.6   24
 02 02    0.0    6.1   0.4 270.2 271.8   89
 02 03    1.5    5.8   0.3 270.6 273.9   51
 02 04   11.4    0.0   0.0 271.8 279.0   13
 02 05    0.0    1.2   0.1 263.0 269.5   49
 02 06    0.0    0.0   0.4 268.7 275.8  115
 02 07    0.0   19.7   0.1 268.1 272.4   58
 02 08    0.1    2.7   0.4 271.2 276.6  102
 02 09    0.8    0.0   0.1 273.2 277.2   22
 02 10    0.0    0.0   0.0 273.4 274.8  109
 02 11    0.0    0.0   0.3 273.8 275.9  100
 02 12    0.0    0.0   0.3 275.0 281.3   97
 02 13    0.0    0.0   1.0 273.0 279.7  154
 02 14    0.0    0.1   0.5 272.8 278.1   93
 02 15    1.1    3.8   0.1 270.7 274.5   29
 02 16    3.6    5.3   0.0 271.7 276.0   51
 02 17    0.0    0.3   0.7 269.5 271.2  164
 02 18    0.0    0.0   0.3 265.3 273.3   98
 02 19   69.4    0.0   0.1 274.5 279.1   40
 02 20    0.0   10.2   0.0 268.2 270.4    6
 02 21   10.8    0.5   0.1 274.0 281.1   13
 02 22   25.0    0.0   0.2 276.3 283.2   23
 02 23    0.0   13.6   0.0 264.3 271.7   21
 02 24    0.0    0.0   0.3 270.1 277.9   90
 02 25    0.0    0.0   0.2 276.0 280.0  116
 02 26    0.0    0.0   1.3 276.4 286.5   53
 02 27    0.0    0.0   0.5 275.5 282.8   59
 02 28    0.0    0.0   0.4 277.7 282.9  104
 03 01    0.2    0.0   2.3 270.5 283.2  250
 03 02    0.0    0.0   2.3 276.6 288.8  230
 03 03    5.0    0.0   1.5 275.4 280.7  163
 03 04    0.3    0.3   0.5 272.8 277.3   90
 03 05    0.2    0.0   1.5 275.0 281.1  193
 03 06    0.0    0.0   1.7 272.0 274.2  227
 03 07    0.0    0.0   2.2 271.8 283.3  247
 03 08    0.0    0.0   1.8 274.8 283.5  233
 03 09    0.0   11.1   0.6 268.3 271.5   73
 03 10    3.3    6.1   0.4 271.8 274.8   53
 03 11    3.3    6.1   0.4 271.8 274.8   53
 03 12    0.0    0.0   1.0 276.3 281.5  163
 03 13    0.0    0.0   1.4 274.2 280.5  202
 03 14    0.0    0.0   1.0 273.6 280.8  158
 03 15    0.0    0.0   2.0 272.5 285.3  216
 03 16   13.0    0.0   1.2 271.7 276.2  141
 03 17    0.0    0.0   1.8 270.2 282.0  238
 03 18    0.0    0.0   0.3 276.9 282.7   65
 03 19    0.0    0.0   0.2 276.5 280.9   47
 03 20    0.0    0.0   0.6 270.8 282.8  100
 03 21    1.8    4.0   1.3 270.0 275.6  192
 03 22    0.0    3.2   0.1 267.7 273.4   51
 03 23    0.0    3.2   0.1 267.7 273.4   51
 03 24    0.0    0.0   1.9 269.3 283.9  235
 03 25    0.0    0.0   1.3 268.8 279.4  179
 03 26    1.7    0.0   0.3 274.0 280.0   85
 03 27    0.0    0.0   2.0 278.8 288.3  203
 03 28    1.6    0.0   1.2 275.7 282.3  124
 03 29    0.8    1.6   1.5 272.7 279.9  157
 03 30    0.0    0.0   1.4 271.6 281.6  175
 03 31    0.0    0.0   1.0 281.9 284.7   59
 04 01    5.0    0.0   1.5 275.4 280.7  163
 04 02    0.0    0.0   2.7 276.4 290.4  219
 04 03    0.0    0.0   1.1 279.2 281.4   40
 04 04    1.1    0.0   0.9 274.6 279.8  119
 04 05    1.1    0.0   0.9 274.6 279.8  119
 04 06    0.0    5.3   1.1 267.6 274.2  128
 04 07    0.0    0.0   1.2 274.5 285.6  157
 04 08    0.0    0.0   2.1 276.5 289.2  173
 04 09    0.0    0.0   2.2 277.0 288.3  181
 04 10    0.0    0.0   2.7 272.0 285.8  279
 04 11    7.5    0.2   0.5 273.5 277.3   54
 04 12    1.5    0.0   0.9 279.5 284.9   73
 04 13    0.0    0.0   2.7 281.8 294.4  213
 04 14    0.1    0.0   1.7 273.0 283.8  182
 04 15    0.0    0.0   2.0 273.4 286.3  232
 04 16    1.6    2.3   2.7 273.2 278.7  281
 04 17    0.0    0.0   2.5 271.0 282.0  270
 04 18    0.9    2.0   1.0 272.9 279.4  123
 04 19    6.4    0.0   0.6 276.6 279.4   54
 04 20    0.6    0.0   1.1 273.2 282.0  123
 04 21    0.1   15.7   0.8 269.7 273.5  108
 04 22   17.7    0.0   0.6 273.1 278.3   59
 04 23    0.0    0.0   1.9 270.6 281.1  221
 04 24    0.8   11.7   0.5 269.8 274.1   90
 04 25    0.6    0.2   1.2 273.3 284.1  139
 04 26    0.0    0.0   2.6 274.1 285.3  262
 04 27    0.4    0.0   1.1 275.1 280.8  173
 04 28    4.8    0.0   0.7 274.5 282.5  116
 04 29    0.0    0.0   2.5 271.0 282.0  270
 04 30    0.0    0.0   3.3 276.9 282.4  313
 05 01    1.7    2.6   2.4 274.0 281.6  245
 05 02    4.7    0.0   0.9 276.9 283.0  106
 05 03    1.5    0.0   2.2 279.1 283.3  169
 05 04    0.0    0.0   3.2 279.0 290.0  270
 05 05    0.0    0.0   4.6 280.7 292.6  326
 05 06    0.0    0.0   3.5 282.5 291.2  264
 05 07    0.0    0.0   1.2 283.7 287.8  155
 05 08    0.0    0.0   3.6 275.1 282.8  300
 05 09    0.0    0.0   4.8 279.0 290.4  362
 05 10    4.8    0.0   2.8 280.4 292.1  220
 05 11    1.1    0.0   4.2 281.3 291.7  301
 05 12    0.0    0.0   3.1 278.6 286.8  282
 05 13   10.6    0.0   0.4 278.5 281.5   57
 05 14   10.8    0.0   1.2 277.3 281.4  118
 05 15    0.0    0.0   1.9 274.1 280.4  200
 05 16    0.0    0.0   1.9 274.1 280.4  200
 05 17    6.4    0.0   0.6 276.4 280.1   74
 05 18    8.0    0.0   1.3 277.2 280.3  124
 05 19    1.3    0.0   1.5 277.8 282.0  127
 05 20    2.7    0.0   2.3 279.7 285.8  224
 05 21    0.0    0.0   3.6 276.5 286.4  308
 05 22    0.0    0.0   4.7 283.9 293.5  339
 05 23    2.2    0.0   0.3 281.8 286.9   87
 05 24    2.2    0.0   0.3 281.8 286.9   87
 05 25    0.0    0.0   1.5 283.5 289.8  134
 05 26    0.0    0.0   3.1 275.2 283.3  280
 05 27    0.4    0.0   2.3 279.9 285.1  212
 05 28    2.5    0.0   3.8 281.3 288.2  296
 05 29    0.0    0.0   3.1 275.2 283.3  280
 05 30    4.0    0.0   3.0 278.2 290.7  229
 05 31   12.5    0.0   1.5 277.9 283.7  117
 06 01    1.3    0.0   3.6 282.4 290.3  264
 06 02    1.1    0.0   3.1 282.0 283.7  285
 06 03    0.0    0.0   4.7 281.0 290.3  369
 06 04    0.0    0.0   4.6 282.3 291.6  340
 06 05    5.6    0.0   2.2 282.1 288.1  161
 06 06    0.0    0.0   4.1 279.6 282.2  308
 06 07    0.0    0.0   3.9 278.4 286.3  333
 06 08    0.0    0.0   4.7 279.2 291.6  358
 06 09    3.0    0.0   2.7 283.1 287.7  211
 06 10    3.0    0.0   2.7 283.1 287.7  211
 06 11    4.4    0.0   2.5 279.5 286.7  197
 06 12    0.0    0.0   3.7 280.6 287.1  317
 06 13    0.0    0.0   3.2 278.8 286.3  269
 06 14    0.0    0.0   3.9 278.4 286.3  333
 06 15    0.0    0.0   5.1 280.8 286.1  346
 06 16    2.7    0.0   3.9 278.3 285.7  301
 06 17    0.4    0.0   4.6 283.9 287.4  364
 06 18    0.0    0.0   3.7 281.5 290.8  265
 06 19    0.0    0.0   4.1 279.6 287.2  340
 06 20    0.0    0.0   1.9 281.0 291.6  138
 06 21    8.6    0.0   4.3 281.8 290.1  291
 06 22   23.8    0.0   1.0 276.5 278.6  127
 06 23    0.4    0.0   2.9 280.7 288.8  270
 06 24    0.0    0.0   4.1 279.8 288.6  346
 06 25    0.0    0.0   4.5 280.5 289.4  346
 06 26    0.4    0.0   1.2 286.0 290.1  119
 06 27    0.0    0.0   4.8 281.5 291.3  352
 06 28    0.0    0.0   4.4 282.7 288.9  327
 06 29    0.0    0.0   4.1 280.9 288.8  318
 06 30    9.8    0.0   0.9 282.3 284.6   89
 07 01    0.8    0.0   3.7 282.3 291.4  294
 07 02    0.0    0.0   4.2 281.7 290.6  345
 07 03    1.0    0.0   3.9 281.6 289.4  305
 07 04    1.0    0.0   3.9 281.6 289.4  305
 07 05    3.2    0.0   4.1 283.7 291.8  284
 07 06   16.6    0.0   0.8 283.7 285.1   73
 07 07   10.7    0.0   2.0 281.4 286.8  158
 07 08    2.2    0.0   2.7 287.0 288.8  215
 07 09    2.2    0.0   2.7 287.0 288.8  215
 07 10    8.5    0.0   0.5 283.0 287.2   58
 07 11    0.0    0.0   4.3 284.5 294.8  320
 07 12    0.0    0.0   4.2 286.6 292.9  289
 07 13    0.0    0.0   3.5 281.0 286.7  284
 07 14    1.2    0.0   4.4 284.2 292.1  304
 07 15    0.0    0.0   3.9 284.3 294.2  308
 07 16    0.0    0.0   4.6 287.4 295.7  306
 07 17    0.0    0.0   3.3 283.8 291.0  260
 07 18    0.5    0.0   4.1 282.1 291.9  297
 07 19    0.9    0.0   1.6 282.7 290.1  132
 07 20    0.4    0.0   5.1 283.3 297.0  333
 07 21    0.0    0.0   6.8 290.0 301.6  370
 07 22    6.2    0.0   2.2 284.1 289.8  168
 07 23    0.0    0.0   4.7 282.4 290.2  360
 07 24    0.1    0.0   2.3 285.9 289.9  170
 07 25    0.1    0.0   3.9 282.9 293.9  286
 07 26    0.0    0.0   4.6 287.2 298.4  296
 07 27    5.2    0.0   2.2 282.9 292.0  160
 07 28   16.1    0.0   2.9 283.3 290.2  200
 07 29   16.1    0.0   2.9 283.3 290.2  200
 07 30    0.1    0.0   4.0 283.2 292.2  270
 07 31    0.1    0.0   4.2 282.2 291.5  309
 08 01    0.4    0.0   3.0 284.2 292.3  240
 08 02    0.5    0.0   4.3 282.8 292.7  323
 08 03    0.0    0.0   0.7 288.7 291.9  100
 08 04    0.0    0.0   4.3 285.8 294.0  317
 08 05    1.1    0.0   4.4 281.6 289.5  327
 08 06    0.1    0.0   4.7 284.9 293.5  338
 08 07    0.0    0.0   3.3 288.0 295.6  214
 08 08   10.7    0.0   2.6 287.7 290.8  179
 08 09    0.1    0.0   3.8 291.8 302.4  238
 08 10    4.2    0.0   3.7 287.0 292.9  264
 08 11    0.0    0.0   2.9 285.4 287.3  265
 08 12    0.2    0.0   5.5 287.5 298.2  354
 08 13    0.0    0.0   4.7 285.3 293.9  342
 08 14    0.0    0.0   5.0 284.6 294.1  353
 08 15    0.0    0.0   5.8 283.8 291.8  388
 08 16    0.2    0.0   3.1 286.2 298.9  246
 08 17    8.1    0.0   1.5 284.9 290.3  130
 08 18    1.9    0.0   3.9 284.6 289.2  303
 08 19   16.6    0.0   0.8 283.7 285.1   73
 08 20    4.5    0.0   2.8 287.0 291.3  201
 08 21    0.0    0.0   3.5 280.6 289.2  260
 08 22   11.8    0.0   2.0 287.4 291.7  146
 08 23    0.3    0.0   2.6 283.9 289.1  211
 08 24    0.0    0.0   2.5 284.0 292.4  177
 08 25    0.0    0.0   3.3 286.4 292.7  242
 08 26    2.6    0.0   3.2 285.5 291.4  207
 08 27    0.9    0.0   1.8 286.1 291.7  168
 08 28    0.0    0.0   4.6 284.9 298.8  296
 08 29   12.4    0.0   1.7 285.2 291.0  131
 08 30    5.5    0.0   2.9 283.3 294.5  204
 08 31    5.5    0.0   2.9 283.3 294.5  204
 09 01    0.0    0.0   1.0 280.6 288.8  116
 09 02    0.0    0.0   3.4 282.5 290.7  261
 09 03    0.0    0.0   4.4 285.5 294.4  283
 09 04    0.0    0.0   2.1 283.3 293.3  169
 09 05    0.0    0.0   2.1 282.9 292.5  184
 09 06    0.2    0.0   2.6 283.3 290.6  211
 09 07    1.9    0.0   2.3 282.0 289.4  209
 09 08    1.9    0.0   2.3 282.0 289.4  209
 09 09    0.0    0.0   2.2 279.8 291.8  211
 09 10    0.0    0.0   4.1 284.0 292.7  290
 09 11    0.0    0.0   3.4 276.6 294.6  256
 09 12    9.4    0.0   1.8 281.2 290.3  166
 09 13    0.2    0.0   2.6 283.3 290.6  211
 09 14    0.0    0.0   3.2 281.5 290.2  238
 09 15    1.9    0.0   2.3 282.0 289.4  209
 09 16    0.0    0.0   2.4 281.4 291.2  176
 09 17    0.0    0.0   2.9 284.1 290.2  222
 09 18    0.0    0.0   3.4 282.5 290.7  261
 09 19    1.6    0.0   0.3 279.6 287.7   64
 09 20    0.5    0.0   2.3 283.8 290.0  210
 09 21    1.0    0.0   2.1 284.9 293.5  172
 09 22    0.0    0.0   3.3 285.3 291.7  246
 09 23    0.1    0.0   2.0 278.1 291.1  201
 09 24    0.0    0.0   1.0 281.1 289.6  106
 09 25    0.0    0.0   1.0 277.1 287.8  134
 09 26    1.1    0.0   1.9 284.6 291.3  179
 09 27    0.0    0.0   2.4 280.0 291.3  217
 09 28    1.6    0.0   0.6 281.9 289.1   75
 09 29    1.6    0.0   0.6 281.9 289.1   75
 09 30    0.0    0.0   2.5 279.7 291.1  227
 10 01    0.0    0.0   0.2 279.5 283.8  125
 10 02    0.1    0.0   1.2 273.9 282.6  160
 10 03    0.0    0.0   0.7 279.4 285.3  119
 10 04    0.0    0.0   1.1 281.2 290.5  134
 10 05    0.0    0.0   0.9 273.5 282.6  130
 10 06    0.0    0.0   1.0 280.7 288.0  113
 10 07    9.1    0.0   0.0 279.4 281.6   44
 10 08    0.8    0.0   0.8 276.2 283.1  126
 10 09    0.0    0.0   0.4 277.3 281.0  112
 10 10    6.9    0.0   0.0 278.3 281.5   39
 10 11    9.5    0.0   0.4 280.9 284.6   52
 10 12   14.6    0.0   0.0 278.0 283.0   40
 10 13    0.0    0.0   1.3 285.1 289.4   60
 10 14    0.8    0.0   0.6 282.2 286.1   83
 10 15    0.0    0.0   1.2 279.6 285.2  158
 10 16    4.5    0.0   1.1 277.1 282.4  132
 10 17    0.8    0.0   0.6 279.3 284.8   40
 10 18    0.9    0.0   1.8 276.8 288.9  156
 10 19    0.0    0.0   0.9 278.8 286.6  135
 10 20    0.0    0.0   1.2 280.3 286.5  161
 10 21    0.5    0.0   1.1 280.2 281.8  156
 10 22    0.1    0.0   0.9 276.0 284.5  145
 10 23    0.0    0.0   1.3 279.8 289.3  132
 10 24   13.6    0.0   0.5 281.8 283.4   43
 10 25    0.0    0.0   1.2 273.3 281.7  189
 10 26    0.0    0.0   1.6 277.3 285.9  179
 10 27    0.0    0.0   1.5 277.7 288.5  192
 10 28    1.0    0.0   0.1 275.4 280.7   28
 10 29    1.0    0.0   0.1 275.4 280.7   28
 10 30   17.9    0.0   0.5 277.5 282.8   80
 10 31    0.7    0.0   0.4 283.6 290.5   62
 11 01    0.6    0.0   1.5 277.3 285.5  165
 11 02    4.6    0.0   0.0 277.3 280.9   31
 11 03    0.0    0.0   0.3 274.1 280.3   48
 11 04   12.8    0.0   0.3 280.0 282.6   36
 11 05    3.2    0.0   0.1 274.9 278.1   75
 11 06    6.6    0.0   0.1 276.5 279.6   29
 11 07    1.8    0.4   0.6 273.3 276.8   78
 11 08    0.0    0.0   0.3 272.2 280.4   35
 11 09    5.7    0.0   1.0 275.0 283.7  117
 11 10   16.6    0.0   0.0 277.6 280.6   28
 11 11    6.6    0.0   0.1 277.9 280.4   28
 11 12    2.6    0.3   0.1 274.4 280.3   33
 11 13    0.1    3.3   1.0 272.4 281.4  121
 11 14    7.9    0.0   0.0 275.2 279.3   41
 11 15    0.1    0.2   0.2 272.5 281.0   43
 11 16    0.0    0.0   0.7 272.0 281.6   85
 11 17    0.0    0.0   0.4 272.3 278.6  120
 11 18    0.0    0.0   0.4 276.4 279.9   95
 11 19    0.0    0.0   0.4 274.8 285.0   61
 11 20    0.0    0.0   0.4 274.8 285.0   61
 11 21    0.0    0.0   0.4 272.6 283.2   75
 11 22    0.1    0.0   0.2 274.4 281.4   65
 11 23    5.2    0.0   0.2 275.5 282.4   48
 11 24    5.7    0.0   1.0 275.0 283.7  117
 11 25    0.0    0.0   0.3 272.9 278.6  123
 11 26    0.0    0.0   0.6 271.6 281.0  103
 11 27    5.2    0.0   0.2 275.5 282.4   48
 11 28    6.8    0.0   0.1 273.0 281.0   49
 11 29    6.1    0.0   0.1 275.0 280.6   21
 11 30    1.5    0.0   0.3 278.6 285.3   73
 12 01    8.0    0.0   0.4 275.4 278.3   21
 12 02    5.3    0.0   0.6 276.3 283.9   57
 12 03    0.0    0.0   1.0 278.4 287.0  107
 12 04   41.0    0.0   0.1 276.3 279.4   16
 12 05    5.1    0.0   0.1 276.7 281.2   18
 12 06    0.0    0.0   0.2 271.5 276.0   28
 12 07    0.0    0.0   0.2 271.5 276.0   28
 12 08    3.7    5.2   0.4 273.9 275.9   55
 12 09   13.8    0.0   0.6 275.2 282.0   46
 12 10   13.8    0.0   0.6 275.2 282.0   46
 12 11    0.8    0.0   0.5 274.0 279.2  139
 12 12    0.0    0.0   0.6 273.6 282.1   60
 12 13    0.0    0.0   0.6 273.2 279.2  103
 12 14    2.4   16.1   0.1 270.8 275.0   28
 12 15    0.0    0.0   0.4 276.7 283.1  117
 12 16    0.7    0.0   0.5 275.5 280.4   99
 12 17    9.5    2.0   0.0 273.4 275.5   14
 12 18   22.5   21.2   0.2 273.0 275.7   22
 12 19    6.4    0.0   0.0 275.0 278.4   22
 12 20    0.0    0.0   0.9 269.7 279.2  156
 12 21    0.0    0.0   0.6 271.9 280.3   88
 12 22    0.0    0.0   0.9 276.6 277.4  137
 12 23    0.0    0.1   0.2 265.9 272.6   87
 12 24    0.0    0.0   0.4 273.0 281.0   67
 12 25   26.8    0.0   0.2 275.7 279.0   44
 12 26    5.1    0.0   0.2 276.0 282.6   48
 12 27    0.9    0.0   0.2 275.7 281.4   16
 12 28    0.1    0.0   0.4 273.9 282.1   71
 12 29    1.4    2.7   0.1 270.8 275.6   85
 12 30    0.0    0.0   0.7 274.0 280.7  116
 12 31    0.0    0.1   0.3 272.3 277.1   71
