"MM";"JJ";"tn";"tx";"etp";"rg";"p";"hr";"dh"
1;1;22.7;27.9;0;8.44;0;0;11.2
1;2;21.1;28.3;0;15.24;0;0;7
1;3;19.5;29.1;0;20.14;0;0;7.6
1;4;19.5;28.5;0;16.49;0;0;7
1;5;20.7;28.1;0;12.99;0;0;7.2
1;6;20.2;28.1;0;13.36;0;0;10.4
1;7;20.2;28.5;0;18.36;0;0;7
1;8;19;27.9;0;15.71;0;0;9.9
1;9;19.5;27.9;0;18.94;0;0;11.9
1;10;20.8;27.5;0;14.52;0;0;13.6
1;11;19.2;28.6;0;17.93;0;0;4.7
1;12;21.5;27.5;0;15;0;0;12
1;13;20.2;28.1;0;16.38;0;0;12.7
1;14;19.7;28.6;0;20.44;0;0;8.2
1;15;19.5;28.2;0;19.88;0;0;11.7
1;16;18.3;28;0;19.88;0;0;10.7
1;17;19.5;26.1;0;6.7;0;0;18.1
1;18;21.5;27.8;0;16.57;0;0;12.6
1;19;19.2;28.5;0;19.61;0;0;9.5
1;20;21;28.6;0;13.6;0;0;13.3
1;21;20.8;28.2;0;11.93;0;0;12.8
1;22;21;27.9;0;16.6;0;0;3
1;23;19.5;29.5;0;20.75;0;0;0
1;24;18.4;28.7;0;21.27;0;0;3
1;25;19.3;25.3;0;6.58;0;0;20.4
1;26;21.8;26.1;0;6.83;0;0;14.2
1;27;19.4;27.6;0;16.45;0;0;7.4
1;28;18.9;27.25;0;14.615;0;0;7.1
1;29;18.4;26.9;0;12.78;0;0;6.8
1;30;19.2;27.9;0;20.18;0;0;5.9
1;31;18.7;27.8;0;22.23;0;0;2
2;1;18.6;27.5;0;17.86;0;0;7
2;2;19.6;27.6;0;20.27;0;0;5.8
2;3;21;27.1;0;16.39;0;0;5
2;4;19.1;28.4;0;15.2;0;0;2.8
2;5;18.4;28.8;0;21.15;0;0;3.8
2;6;19.1;28;0;15.77;0;0;4.1
2;7;18.9;28.4;0;19.35;0;0;1.5
2;8;18.9;28.5;0;20.07;0;0;0.9
2;9;19.8;28.5;0;18.37;0;0;0.4
2;10;20.9;28.3;0;18.76;0;0;6.3
2;11;18;29.4;0;17.86;0;0;0.4
2;12;20.4;29.7;0;18.26;0;0;9
2;13;18.8;28.6;0;17.67;0;0;12.5
2;14;19;29;0;18.56;0;0;12.1
2;15;20.3;29;0;17.3;0;0;9
2;16;23.5;28.9;0;16.08;0;0;5
2;17;21.3;29.9;0;21.32;0;0;8.2
2;18;20.6;29.4;0;19.28;0;0;1.9
2;19;19.8;29.4;0;23.2;0;0;7.1
2;20;18.4;28.8;0;23.41;0;0;9.8
2;21;18.6;28.9;0;24.01;0;0;8
2;22;19.6;28.6;0;22.67;0;0;7.8
2;23;18.4;28.7;0;21.55;0;0;0
2;24;20.2;32;0;18.68;0;0;4.8
2;25;20;30.8;0;16.57;0;0;0.9
2;26;21.2;30;0;12.92;0;0;5.7
2;27;20.8;30.3;0;20.44;0;0;9.9
2;28;21.5;30.1;0;19.24;0;0;7.7
3;1;19.6;30;0;23.2;0;0;0
3;2;20.7;29.8;0;18.71;0;0;0.2
3;3;22.3;30.2;0;21.11;0;0;0
3;4;21;30.4;0;23.51;0;0;6.7
3;5;20.3;30.7;0;20.52;0;0;0.2
3;6;20.6;31.4;0;22.38;0;0;0
3;7;19.8;32.4;0;22.03;0;0;0
3;8;21.4;25.9;0;5.88;0;0;14
3;9;21.1;31.6;0;17.06;0;0;8.7
3;10;21.7;30.2;0;14.67;0;0;2.5
3;11;21.4;30.4;0;14.16;0;0;6.9
3;12;22.1;27.7;0;9.75;0;0;15.2
3;13;20.6;29.2;0;17.66;0;0;5.2
3;14;20.4;29.8;0;21.52;0;0;2.1
3;15;20.8;30;0;22.02;0;0;1.7
3;16;21.4;30.7;0;17.13;0;0;0.8
3;17;22;30.7;0;21.24;0;0;0
3;18;20.3;29.8;0;21.14;0;0;0
3;19;23.5;29.5;0;21.31;0;0;0.7
3;20;21.2;30.3;0;19.13;0;0;8.8
3;21;22.2;29.5;0;24.37;0;0;6.8
3;22;21.8;29.2;0;18.61;0;0;7.3
3;23;23.5;29;0;18.21;0;0;2.5
3;24;22.9;29.6;0;24.4;0;0;2.9
3;25;21.4;30.2;0;24.79;0;0;6.7
3;26;21.1;29.7;0;22.62;0;0;7.9
3;27;21.6;30;0;19.39;0;0;7.3
3;28;22;29.4;0;25.05;0;0;8.5
3;29;20.5;29.1;0;25.57;0;0;9.6
3;30;22.6;28.6;0;15.17;0;0;9.2
3;31;22.1;29.5;0;24;0;0;7.7
4;1;21.1;29.75;0;20.805;0;0;4.1
4;2;20.1;30;0;17.61;0;0;0.5
4;3;20.5;28;0;16.55;0;0;0
4;4;20.9;29.3;0;16.96;0;0;0
4;5;20.1;27.2;0;9.92;0;0;2.6
4;6;21.4;26;0;5.62;0;0;8.6
4;7;21.3;25.2;0;5.87;0;0;10.5
4;8;20.7;27.7;0;9.73;0;0;4.3
4;9;22.1;29;0;18.16;0;0;8
4;10;21.6;27.6;0;8.39;0;0;18
4;11;22.1;28.9;0;16.48;0;0;14.1
4;12;21.7;27.3;0;14.54;0;0;12.5
4;13;22.6;28.5;0;12.78;0;0;13.2
4;14;22.5;29.3;0;14.23;0;0;13.1
4;15;21.3;29.6;0;11.53;0;0;16.5
4;16;21.8;28.9;0;18.37;0;0;11.4
4;17;22.6;26.2;0;7.59;0;0;21.6
4;18;22.5;27.4;0;10.19;0;0;13.5
4;19;22.8;27.6;0;13.43;0;0;16.2
4;20;21.5;30;0;25.34;0;0;9.3
4;21;21.8;29.3;0;18.92;0;0;9.5
4;22;22.1;29.8;0;23.48;0;0;1.6
4;23;21.7;30.5;0;25.15;0;0;0.1
4;24;21.6;29.7;0;16;0;0;8.4
4;25;21.7;30.5;0;23.53;0;0;12.3
4;26;21.9;29.8;0;23.03;0;0;6.3
4;27;24.1;30.4;0;17.19;0;0;0.7
4;28;24;30;0;18.21;0;0;3.1
4;29;23.3;30.3;0;24.9;0;0;9.7
4;30;23;30;0;24.52;0;0;10.9
5;1;23.1;29.6;0;20.43;0;0;10.3
5;2;23;30;0;27.41;0;0;7.3
5;3;22.5;29.8;0;24.92;0;0;9.6
5;4;22.6;29.6;0;12.89;0;0;5.7
5;5;22.3;30.1;0;22.52;0;0;1.3
5;6;22.9;30.4;0;21.31;0;0;7.8
5;7;22.7;29.9;0;21.1;0;0;8.1
5;8;23.4;30.3;0;25.5;0;0;7.1
5;9;22.7;30;0;25.37;0;0;7.8
5;10;22.7;30.3;0;18.31;0;0;11.9
5;11;22.2;29.1;0;13.85;0;0;12.4
5;12;22.3;29.5;0;22.25;0;0;7.4
5;13;22.9;29.3;0;20.72;0;0;13.1
5;14;23.8;29.9;0;24.07;0;0;3.5
5;15;24;29.5;0;19.56;0;0;4.7
5;16;23.5;29.8;0;14.87;0;0;10.3
5;17;23.4;28.2;0;7.64;0;0;16.4
5;18;23.2;29.9;0;24.93;0;0;5.9
5;19;23.1;29.5;0;23.28;0;0;10
5;20;23;29.4;0;21.23;0;0;11.6
5;21;23;29.9;0;23.72;0;0;12.3
5;22;23;29.8;0;22.78;0;0;12.8
5;23;22.6;30.1;0;13.79;0;0;10.7
5;24;22.3;29.9;0;20.83;0;0;8.1
5;25;24.6;30.2;0;23.02;0;0;0
5;26;23.9;30.5;0;22.01;0;0;6.3
5;27;24.4;30.2;0;18.11;0;0;6.2
5;28;23.4;30.1;0;12.83;0;0;8.2
5;29;23.3;32.9;0;21.64;0;0;4.1
5;30;24;31.7;0;23.08;0;0;2.6
5;31;24.5;31;0;16;0;0;6.6
6;1;24.7;30.4;0;19.45;0;0;4.5
6;2;24.5;30.6;0;22.53;0;0;0.5
6;3;23.9;30.9;0;22.82;0;0;0
6;4;24;30.9;0;20.67;0;0;11.6
6;5;23.9;31;0;22.99;0;0;10
6;6;23.5;31.1;0;26.96;0;0;11.7
6;7;23.4;30.5;0;22.73;0;0;9.3
6;8;23.9;30.6;0;23.01;0;0;6.7
6;9;23.3;30.3;0;15.85;0;0;7
6;10;24.3;30.4;0;20.91;0;0;9.2
6;11;22.9;30.3;0;14.86;0;0;13.7
6;12;22.9;30.3;0;25.4;0;0;9
6;13;22;30.3;0;27.59;0;0;6.4
6;14;22.9;30.5;0;25.06;0;0;5.7
6;15;22.4;30.5;0;26.39;0;0;7.6
6;16;22.4;30.5;0;23.05;0;0;8.8
6;17;23.7;30.4;0;13.34;0;0;13
6;18;24.1;30;0;17.65;0;0;12.6
6;19;22.6;28.5;0;5.59;0;0;16
6;20;22.6;29.8;0;20.38;0;0;9.1
6;21;23.3;30;0;23.29;0;0;7.1
6;22;23.9;29.6;0;19.22;0;0;6
6;23;23.8;27.9;0;8.65;0;0;5.2
6;24;24.6;30.3;0;17.45;0;0;9
6;25;24.3;29.7;0;9.93;0;0;13.5
6;26;22.7;32.5;0;16.92;0;0;7.8
6;27;21.8;30.2;0;24.1;0;0;9.5
6;28;23.3;31;0;25.01;0;0;6
6;29;23.8;30.3;0;21.72;0;0;10.5
6;30;23.6;30.1;0;20.41;0;0;8.9
7;1;24.8;30.6;0;23.54;0;0;6.2
7;2;26.4;30;0;16.78;0;0;1.8
7;3;23.7;30.7;0;23.49;0;0;10.4
7;4;23.1;30.5;0;16.96;0;0;11.3
7;5;23.2;27.1;0;4.82;0;0;15.6
7;6;23.9;30.1;0;17.49;0;0;0.1
7;7;25.7;30.7;0;25.91;0;0;1.6
7;8;23.8;30.4;0;22.49;0;0;9.5
7;9;24.7;30.6;0;25.51;0;0;2.3
7;10;22.9;30.8;0;17.86;0;0;2.7
7;11;24.5;30;0;13.21;0;0;10.7
7;12;23.4;30.4;0;24.29;0;0;10.4
7;13;22.2;29.2;0;14.1;0;0;12.8
7;14;24.8;30.8;0;23.27;0;0;0.8
7;15;24.2;30.5;0;15.93;0;0;10.9
7;16;22.2;30.6;0;21.58;0;0;12.2
7;17;22.4;29.6;0;8.24;0;0;11.4
7;18;23.6;29.5;0;13.33;0;0;13.2
7;19;24;31;0;21.48;0;0;11.5
7;20;23.6;29;0;7.47;0;0;12.2
7;21;22.6;26.1;0;3.75;0;0;16.6
7;22;21.4;27.5;0;4.44;0;0;19.2
7;23;23.1;30.1;0;20.95;0;0;8.9
7;24;24.6;30.1;0;21.8;0;0;9.8
7;25;24.1;30.9;0;19.32;0;0;7.3
7;26;24.4;30.7;0;23.02;0;0;8
7;27;23.6;30.1;0;24.35;0;0;11.3
7;28;23;30;0;19;0;0;6.6
7;29;24;30.4;0;20.44;0;0;5.7
7;30;25.4;30.5;0;19.87;0;0;0.2
7;31;23.5;30.5;0;20.65;0;0;10.3
8;1;22.6;30.8;0;23.93;0;0;10.2
8;2;23.4;30.3;0;23.38;0;0;8.2
8;3;23.5;30.5;0;20.34;0;0;11.2
8;4;23.5;31.5;0;17.34;0;0;9.2
8;5;22.8;31.3;0;21.7;0;0;0
8;6;24.2;31.4;0;21.54;0;0;0
8;7;24;31.1;0;20.63;0;0;0
8;8;22.7;30.2;0;14.59;0;0;15.2
8;9;22.7;30.6;0;19.87;0;0;12.9
8;10;23.1;30.9;0;20.39;0;0;13.3
8;11;23.1;30.6;0;19.14;0;0;12.7
8;12;22;31.4;0;17.24;0;0;5.7
8;13;21.9;31.5;0;18.66;0;0;10.3
8;14;22.4;31.1;0;25.62;0;0;3
8;15;22.9;31.3;0;19.12;0;0;8.7
8;16;23.1;27.9;0;8.81;0;0;13.8
8;17;23.7;30.7;0;22.06;0;0;12
8;18;24.3;31.2;0;19.87;0;0;10
8;19;23.3;30.8;0;15.32;0;0;8.5
8;20;22.3;30.4;0;14.97;0;0;15.1
8;21;21.7;31.1;0;25.7;0;0;5.3
8;22;24.1;30.4;0;20.16;0;0;8
8;23;24;30.9;0;19.47;0;0;7.5
8;24;24.2;31.3;0;21.43;0;0;6.3
8;25;23.9;30;0;12.17;0;0;12.1
8;26;22.5;31.9;0;20.92;0;0;6.2
8;27;22.1;31.9;0;25.23;0;0;4
8;28;23.3;32.2;0;24;0;0;6.3
8;29;22.8;30.3;0;9.69;0;0;8.8
8;30;23;30.9;0;7.4;0;0;8.4
8;31;22.9;31.3;0;23.26;0;0;4.8
9;1;23.8;32.7;0;15.84;0;0;2.9
9;2;23.8;30.9;0;21.95;0;0;5.4
9;3;24.4;31.2;0;19.41;0;0;9.7
9;4;23.3;30.1;0;11.51;0;0;11
9;5;22.5;29.6;0;13.51;0;0;13.3
9;6;22.8;32;0;19.08;0;0;11.7
9;7;24.5;31.3;0;18.26;0;0;9.5
9;8;22.7;30.4;0;21.05;0;0;15.3
9;9;21.5;29.2;0;11.82;0;0;9.9
9;10;22.5;29;0;11.6;0;0;9.2
9;11;24.2;28.9;0;8.68;0;0;14.5
9;12;23.7;30.4;0;14.47;0;0;14.9
9;13;22.7;31.2;0;19.52;0;0;10
9;14;21.1;31;0;19.93;0;0;3.9
9;15;23.3;31.2;0;24.17;0;0;7.3
9;16;24.3;31;0;22.11;0;0;8.3
9;17;23.5;31;0;17.3;0;0;13.3
9;18;22.9;32.3;0;21.94;0;0;7.9
9;19;22.5;31.6;0;12.62;0;0;7.6
9;20;21;30.8;0;21.89;0;0;6
9;21;22.6;30;0;18.03;0;0;6.6
9;22;23.5;30.6;0;20.44;0;0;2.2
9;23;23.5;30.3;0;24.07;0;0;3.4
9;24;23.2;29.9;0;21.57;0;0;9.9
9;25;23.7;29.8;0;16.12;0;0;8.4
9;26;22.9;31.8;0;17.32;0;0;10.7
9;27;23.1;30.7;0;21.33;0;0;13.6
9;28;22.4;29.8;0;19.69;0;0;11.9
9;29;22.6;29.5;0;16.85;0;0;11.4
9;30;23;28.8;0;10.37;0;0;13.8
10;1;23.3;29.9;0;13.47;0;0;13.4
10;2;23.2;30;0;13.93;0;0;11.2
10;3;22.7;28.8;0;8.58;0;0;3.8
10;4;23.3;25.2;0;3.36;0;0;20
10;5;23;29.3;0;9.04;0;0;3
10;6;22.7;29.3;0;12.14;0;0;11.6
10;7;22.3;32.5;0;19.91;0;0;8.9
10;8;21.9;30.7;0;22.69;0;0;0
10;9;21.7;30.9;0;18.06;0;0;6.2
10;10;23.2;31.2;0;19.35;0;0;9.7
10;11;22.4;30.8;0;22.17;0;0;4.8
10;12;22.5;30.8;0;22.16;0;0;10.6
10;13;22;30;0;21.6;0;0;10.6
10;14;22.8;29.8;0;20.67;0;0;12.6
10;15;23.2;29.7;0;16.65;0;0;12.5
10;16;22.5;29.7;0;21.5;0;0;6.7
10;17;21.4;30.3;0;17.33;0;0;4.1
10;18;22;28.9;0;13.2;0;0;16.4
10;19;22;29.4;0;22.81;0;0;10.1
10;20;20.9;29.9;0;22.59;0;0;9.7
10;21;21.6;29.9;0;21.99;0;0;4.5
10;22;22.7;29.9;0;19.66;0;0;8.4
10;23;22.8;29.1;0;12.87;0;0;14.1
10;24;22;29.9;0;16.56;0;0;13.9
10;25;21.9;29.7;0;12.53;0;0;13.9
10;26;22.4;30.2;0;16.34;0;0;15.1
10;27;22.4;29.8;0;17.2;0;0;11.6
10;28;22.2;29.5;0;18.92;0;0;9.5
10;29;22.4;29.3;0;14.42;0;0;12.1
10;30;23.2;27.6;0;8.63;0;0;12.4
10;31;21.4;26.4;0;3.36;0;0;23.2
11;1;24.1;28.5;0;10.11;0;0;10.3
11;2;23.6;28.5;0;7.23;0;0;19.8
11;3;22;29.1;0;13.58;0;0;11.8
11;4;22.4;26.7;0;5.27;0;0;20.2
11;5;23.6;28.9;0;13.58;0;0;6.4
11;6;23.5;29;0;11.87;0;0;14.9
11;7;21.1;29.6;0;16.4;0;0;5.5
11;8;22;32.6;0;19.59;0;0;1.5
11;9;20.9;30.4;0;20.19;0;0;0
11;10;21.1;30.4;0;20.7;0;0;2.1
11;11;20.9;30.2;0;19.07;0;0;2.5
11;12;21.1;30.2;0;14.72;0;0;3.5
11;13;21.5;30.1;0;18.15;0;0;1.5
11;14;20.7;29.4;0;15.18;0;0;4.9
11;15;22.5;28.8;0;7.66;0;0;14.7
11;16;22.1;29.2;0;11.82;0;0;7.1
11;17;22.5;27.5;0;4.82;0;0;7.8
11;18;23;26.3;0;6.55;0;0;18.7
11;19;22.4;27.7;0;7.86;0;0;10
11;20;20.9;28.3;0;10.97;0;0;11.5
11;21;19.6;28.7;0;13.39;0;0;15.7
11;22;21;29.1;0;13.85;0;0;14
11;23;21.4;27.7;0;9.83;0;0;10.9
11;24;21.3;28.6;0;9.97;0;0;15.5
11;25;21.5;27.7;0;6.44;0;0;21.2
11;26;21.3;28.5;0;11.22;0;0;12.2
11;27;22.8;27.9;0;9.04;0;0;17.3
11;28;21.7;27.3;0;8.56;0;0;16
11;29;20.7;29;0;13.53;0;0;15.4
11;30;19.3;27.3;0;7.61;0;0;14.5
12;1;18.1;28.5;0;15.1;0;0;14.5
12;2;20.2;27.6;0;14.91;0;0;8.6
12;3;19.2;27.8;0;14.33;0;0;0
12;4;18.8;28;0;15.36;0;0;0.3
12;5;18.9;26.9;0;8.83;0;0;4.4
12;6;21.7;27.7;0;10.13;0;0;19.3
12;7;22.6;24.2;0;2.23;0;0;24
12;8;20.7;28.7;0;11.37;0;0;18.8
12;9;22.8;28;0;14.24;0;0;9.7
12;10;22.1;27.7;0;10.65;0;0;12.2
12;11;20.4;27.8;0;13.34;0;0;19.8
12;12;19.6;28.2;0;12.4;0;0;15.5
12;13;20.7;28.8;0;11.87;0;0;14.3
12;14;21.3;28.6;0;13.17;0;0;16.6
12;15;20;28.9;0;15.96;0;0;2.2
12;16;20.7;28.3;0;8.33;0;0;15.2
12;17;21.1;28.2;0;11.06;0;0;9.8
12;18;21.7;25.3;0;5.11;0;0;21.9
12;19;20.5;27.6;0;11.28;0;0;17.9
12;20;21;28.8;0;15.99;0;0;8.6
12;21;21.4;29.4;0;16.88;0;0;8.2
12;22;21.4;26.9;0;5.04;0;0;15.1
12;23;21.8;25.8;0;6.35;0;0;21.2
12;24;20.6;28.7;0;10.22;0;0;19.4
12;25;22.1;25.9;0;4.67;0;0;23.2
12;26;22.2;26.7;0;6.73;0;0;19.1
12;27;21.5;28.2;0;16.25;0;0;13.7
12;28;21;28.8;0;16.32;0;0;12.7
12;29;21.2;28.1;0;15.37;0;0;13.9
12;30;22.1;27.7;0;9.57;0;0;20.2
12;31;21.8;25.6;0;6.7;0;0;9.3
